%YAML:1.0
---
model_type: PINHOLE
camera_name: camera
image_width: 1024
image_height: 768
distortion_parameters:
   k1: -0.008954404802899735
   k2: 0.03722545689838106
   p1: -0.011133692876957849
   p2: 0.0022431637064382914
projection_parameters:
   fx: 758.0317608927862
   fy: 759.3479343504715
   cx: 518.3401133164667
   cy: 351.4225152658784
